raw_features 47414행, 130거래일 (2026-02-05 ~ 2026-08-21)
왕복비용(정본 산식, 평균가 1040.99 기준): 0.0712pt | 병기(394차 구 가정): 0.133pt
※ 방향 ± 둘 다 출력 — 더 좋은 쪽 사후 선택은 in-sample. 후보 심사는 예상 부호 사전 명세 방향만 읽을 것.

feature                       h    거래수 | +1방향:     net/일      t       전반       후반 | -1방향:     net/일      t
----------------------------------------------------------------------------------------------------------
atr                           5   9340 |            1.9924   0.32   4.5767  -0.5522 |          -12.3069  -1.96
atr_ratio                     5   9340 |            0.6711   0.10   4.4600  -3.0594 |          -10.9856  -1.65
avg_volume                    5   9346 |            3.5574   0.57   6.5489   0.6120 |          -13.8785  -2.23
bb_position                   5   8828 |            6.3272   1.00   7.8128   4.8644 |          -16.0762  -2.55
cancel_add_ratio              5   3865 |           -0.5951  -0.23   0.0000  -1.1810 |           -3.6732  -1.41
cvd                           5    457 |            1.6570   2.51   0.0000   3.2884 |           -2.1616  -3.00
cvd_delta_norm                5   9340 |          -10.2896  -1.57 -14.5303  -6.1141 |           -0.0249  -0.00
cvd_divergence                5   9322 |          -11.2014  -1.78 -17.5908  -4.9104 |            0.9068   0.14
cvd_monotone_ratio            5   1172 |           -3.4341  -2.31   0.0000  -6.8154 |            2.1398   1.48
cvd_slope                     5   8848 |           -7.9443  -1.21 -16.3146   0.2973 |           -1.8269  -0.28
ema_cross                     5   6364 |           -5.5490  -2.46  -3.6802  -7.3891 |           -1.4790  -0.65
foreign_call_net              5   3844 |            0.3832   0.15   0.0000   0.7605 |           -4.6283  -1.82
foreign_futures_net           5   3842 |            0.3854   0.15   0.0000   0.7649 |           -4.6282  -1.74
foreign_put_net               5   3843 |           -2.4183  -0.92   0.0000  -4.7993 |           -1.8257  -0.70
foreign_retail_divergence     5   3843 |           -0.9562  -0.33   0.0000  -1.8978 |           -3.2877  -1.14
hurst                         5   8539 |          -11.9698  -1.84 -15.8891  -8.1109 |            2.5399   0.39
imbalance_slope               5   3774 |           -0.7907  -0.28   0.0000  -1.5692 |           -3.3771  -1.18
institution_futures_net       5   3842 |           -3.6811  -1.15   0.0000  -7.3056 |           -0.5617  -0.18
macro_krw_chg                 5   3145 |           -2.1798  -1.04   0.0000  -4.3261 |           -1.2933  -0.62
macro_nasdaq_chg              5     78 |           -0.4322  -1.73   0.0000  -0.8578 |            0.3461   1.65
macro_sp500_chg               5    153 |           -0.1304  -0.32   0.0000  -0.2587 |           -0.0386  -0.10
macro_us10y_chg               5     76 |            0.0968   0.21   0.0000   0.1921 |           -0.1807  -0.38
macro_vix                     5    493 |           -0.0752  -0.09   0.0000  -0.1492 |           -0.4693  -0.58
microprice_bias               5   3869 |           -3.7818  -1.85   0.0000  -7.5053 |           -0.4909  -0.24
microprice_depth_bias         5   3872 |           -5.0397  -1.82   0.0000 -10.0019 |            0.7637   0.28
microprice_slope              5   3870 |           -3.5184  -1.60   0.0000  -6.9827 |           -0.7553  -0.35
mlofi_norm                    5   3872 |            0.1329   0.05   0.0000   0.2637 |           -4.4088  -1.68
mlofi_slope                   5   3863 |           -0.1691  -0.07   0.0000  -0.3357 |           -4.0969  -1.63
ofi_imbalance                 5   3841 |            0.5939   0.23   0.0000   1.1786 |           -4.8356  -1.81
ofi_norm                      5   3870 |           -0.7543  -0.28   0.0000  -1.4969 |           -3.5195  -1.27
ofi_reversal_speed            5   3866 |           -0.6750  -0.24   0.0000  -1.3396 |           -3.5944  -1.25
opt_pcr_extreme_signed        5   1803 |            1.3286   0.76   0.0000   2.6368 |           -3.3197  -1.87
opt_pcr_norm                  5   1804 |            1.3327   0.76   0.0000   2.6450 |           -3.3249  -1.87
opt_pcr_slope_norm            5   2562 |           -0.6641  -0.36   0.0000  -1.3180 |           -2.1652  -1.19
poc_distance                  5   9203 |          -11.3249  -1.64 -17.5444  -5.2011 |            1.1617   0.17
prev_day_same_hour_ret        5   1729 |            0.5727   0.41   0.0000   1.1367 |           -2.4821  -1.70
program_arb_net               5   1881 |           -3.2816  -1.91   0.0000  -6.5127 |            1.2043   0.74
program_foreign_net_krw       5   1226 |            0.2520   0.23   0.0000   0.5002 |           -1.6059  -1.39
program_non_arb_net           5   1882 |            1.7382   1.47   0.0000   3.4496 |           -3.8165  -2.88
quality_investor_age_sec      5   3869 |           -2.6954  -1.10   0.0000  -5.3493 |           -1.5773  -0.65
quality_investor_fetch_count    5    212 |            1.7459   1.97   0.0000   3.4649 |           -1.9800  -2.19
quality_macro_age_sec         5   3869 |           -3.0980  -1.30   0.0000  -6.1484 |           -1.1746  -0.50
queue_depletion_speed         5   3220 |           -1.0065  -0.43   0.0000  -1.9975 |           -2.5495  -1.07
queue_momentum                5   3863 |            1.0172   0.41   0.0000   2.0188 |           -5.2833  -2.07
queue_refill_rate             5   3220 |           -1.7401  -0.74   0.0000  -3.4535 |           -1.8158  -0.76
queue_signal                  5   3871 |           -1.6312  -0.56   0.0000  -3.2374 |           -2.6436  -0.90
queue_signal_ma               5   3871 |           -2.0515  -0.88   0.0000  -4.0715 |           -2.2233  -0.95
ret_15m                       5   8959 |           -9.3748  -1.45 -17.2322  -1.6382 |           -0.5190  -0.08
ret_1m                        5   9334 |           -3.6032  -0.53   7.4460 -14.4825 |           -6.7046  -0.98
ret_5m                        5   9269 |            0.4783   0.08   6.0125  -4.9707 |          -10.7144  -1.71
retail_futures_net            5   3842 |           -0.7704  -0.32   0.0000  -1.5290 |           -3.4724  -1.41
spread_ticks                  5   3783 |           -2.3848  -0.92   0.0000  -4.7329 |           -1.7929  -0.69
time_cos                      5   9337 |            3.9459   0.61   5.9277   1.9945 |          -14.2571  -2.21
time_sin                      5   9335 |           -9.8704  -1.52 -15.7513  -4.0799 |           -0.4386  -0.07
toxicity_atr_stress           5   2583 |           -1.7486  -0.93   0.0000  -3.4702 |           -1.1039  -0.58
toxicity_cancel_stress        5   3445 |            0.0556   0.02   0.0000   0.1104 |           -3.8600  -1.59
toxicity_flow_stress          5   3874 |           -5.1870  -2.12   0.0000 -10.2942 |            0.9088   0.38
toxicity_queue_stress         5   3065 |           -1.3001  -0.62   0.0000  -2.5803 |           -2.0846  -0.98
toxicity_score                5   3870 |           -2.3343  -1.07   0.0000  -4.6326 |           -1.9395  -0.89
toxicity_score_ma             5   3873 |           -1.5863  -0.64   0.0000  -3.1482 |           -2.6908  -1.08
va_bandwidth                  5   9112 |            5.4021   0.87   7.4783   3.3578 |          -15.4648  -2.50
volume_acceleration           5   9273 |            3.5379   0.56   7.8158  -0.6742 |          -13.7784  -2.18
vwap_momentum                 5   8457 |           -9.7883  -1.44 -17.0820  -2.6067 |            0.4489   0.07
vwap_position                 5   8132 |           -8.6299  -1.35 -18.1535   0.7472 |           -0.3505  -0.05
atr                          15   3087 |           -8.1588  -1.20 -12.3828  -3.9998 |            4.7497   0.70
atr_ratio                    15   3088 |            0.3423   0.05   6.9607  -6.1742 |           -3.7525  -0.59
avg_volume                   15   3089 |           -7.6435  -1.14 -11.8132  -3.5379 |            4.2322   0.63
bb_position                  15   2941 |           -4.6320  -0.71 -13.6632   4.2603 |            1.3841   0.21
cancel_add_ratio             15   1273 |           -1.0527  -0.49   0.0000  -2.0892 |           -0.3531  -0.16
cvd                          15    255 |            2.4987   2.35   0.0000   4.9590 |           -2.7803  -2.58
cvd_delta_norm               15   3086 |           -0.0403  -0.01 -10.5771  10.3344 |           -3.3677  -0.52
cvd_divergence               15   3086 |            0.4773   0.07  10.3951  -9.2878 |           -3.8853  -0.60
cvd_monotone_ratio           15    471 |           -4.2557  -2.54   0.0000  -8.4460 |            3.7356   2.26
cvd_slope                    15   3012 |           -3.7597  -0.58 -14.9838   7.2917 |            0.4334   0.07
ema_cross                    15   2349 |           -2.7161  -1.18  -2.0813  -3.3412 |            0.1220   0.05
foreign_call_net             15   1265 |           -0.7931  -0.33   0.0000  -1.5739 |           -0.6039  -0.25
foreign_futures_net          15   1265 |            1.6499   0.61   0.0000   3.2744 |           -3.0469  -1.12
foreign_put_net              15   1265 |           -1.4965  -0.56   0.0000  -2.9699 |            0.0995   0.04
foreign_retail_divergence    15   1265 |            0.4596   0.16   0.0000   0.9122 |           -1.8566  -0.66
hurst                        15   2831 |          -10.5168  -1.66 -15.4671  -5.6427 |            7.3905   1.16
imbalance_slope              15   1264 |           -3.4823  -1.53   0.0000  -6.9110 |            2.0864   0.92
institution_futures_net      15   1265 |           -3.2191  -1.13   0.0000  -6.3887 |            1.8221   0.64
macro_krw_chg                15   1049 |            0.2237   0.11   0.0000   0.4440 |           -1.3822  -0.70
macro_nasdaq_chg             15     26 |           -0.4258  -1.81   0.0000  -0.8451 |            0.3971   1.78
macro_sp500_chg              15     76 |            0.1827   0.32   0.0000   0.3626 |           -0.2666  -0.47
macro_us10y_chg              15     50 |           -0.2234  -0.38   0.0000  -0.4434 |            0.1682   0.29
macro_vix                    15    190 |            0.8653   0.98   0.0000   1.7173 |           -1.0751  -1.21
microprice_bias              15   1272 |           -4.9653  -2.13   0.0000  -9.8542 |            3.5606   1.54
microprice_depth_bias        15   1273 |           -1.4455  -0.61   0.0000  -2.8688 |            0.0397   0.02
microprice_slope             15   1273 |            1.8552   0.84   0.0000   3.6819 |           -3.2610  -1.47
mlofi_norm                   15   1273 |            0.2507   0.11   0.0000   0.4976 |           -1.6566  -0.70
mlofi_slope                  15   1270 |           -1.1616  -0.39   0.0000  -2.3053 |           -0.2409  -0.08
ofi_imbalance                15   1270 |           -2.6430  -1.26   0.0000  -5.2453 |            1.2405   0.60
ofi_norm                     15   1272 |           -1.9061  -0.90   0.0000  -3.7828 |            0.5014   0.24
ofi_reversal_speed           15   1272 |            2.0772   0.84   0.0000   4.1224 |           -3.4819  -1.39
opt_pcr_extreme_signed       15    637 |            0.0602   0.03   0.0000   0.1195 |           -0.7637  -0.43
opt_pcr_norm                 15    638 |            0.1322   0.07   0.0000   0.2624 |           -0.8368  -0.47
opt_pcr_slope_norm           15    866 |           -1.9245  -1.05   0.0000  -3.8195 |            0.9682   0.54
poc_distance                 15   3016 |           -6.3128  -0.95 -15.3194   2.5552 |            2.9822   0.45
prev_day_same_hour_ret       15    569 |           -1.9799  -1.81   0.0000  -3.9294 |            1.3516   1.27
program_arb_net              15    619 |           -2.0528  -1.49   0.0000  -4.0740 |            1.3692   1.01
program_foreign_net_krw      15    403 |           -0.1435  -0.12   0.0000  -0.2847 |           -0.3016  -0.26
program_non_arb_net          15    619 |            1.5022   1.36   0.0000   2.9814 |           -2.1858  -1.92
quality_investor_age_sec     15   1272 |           -2.9200  -1.15   0.0000  -5.7951 |            1.5153   0.60
quality_investor_fetch_count   15    129 |            1.0781   1.01   0.0000   2.1396 |           -1.2205  -1.15
quality_macro_age_sec        15   1272 |           -1.8337  -0.72   0.0000  -3.6391 |            0.4290   0.17
queue_depletion_speed        15   1196 |           -0.4652  -0.22   0.0000  -0.9232 |           -0.8556  -0.41
queue_momentum               15   1270 |            2.6812   1.10   0.0000   5.3212 |           -4.0837  -1.67
queue_refill_rate            15   1196 |           -2.0370  -0.98   0.0000  -4.0426 |            0.7162   0.35
queue_signal                 15   1272 |            0.0176   0.01   0.0000   0.0350 |           -1.4224  -0.55
queue_signal_ma              15   1273 |           -1.5597  -0.57   0.0000  -3.0953 |            0.1538   0.06
ret_15m                      15   2967 |            5.5608   0.89  10.6086   0.5906 |           -8.8373  -1.41
ret_1m                       15   3088 |           -1.6729  -0.28 -11.7904   8.2889 |           -1.7373  -0.29
ret_5m                       15   3068 |           -5.9588  -0.97 -15.1514   3.0924 |            2.5707   0.42
retail_futures_net           15   1264 |           -0.6716  -0.24   0.0000  -1.3328 |           -0.7243  -0.26
spread_ticks                 15   1269 |            0.4833   0.20   0.0000   0.9592 |           -1.8847  -0.79
time_cos                     15   3087 |            7.9850   1.22   9.6800   6.3160 |          -11.3941  -1.75
time_sin                     15   3087 |           -8.3770  -1.30 -13.0878  -3.7387 |            4.9679   0.77
toxicity_atr_stress          15    950 |           -1.0165  -0.57   0.0000  -2.0174 |           -0.0326  -0.02
toxicity_cancel_stress       15   1134 |           -1.4485  -0.68   0.0000  -2.8747 |            0.1962   0.09
toxicity_flow_stress         15   1273 |           -2.6379  -1.05   0.0000  -5.2353 |            1.2321   0.49
toxicity_queue_stress        15   1173 |           -4.1249  -1.94   0.0000  -8.1863 |            2.8295   1.35
toxicity_score               15   1273 |           -3.4872  -1.55   0.0000  -6.9208 |            2.0814   0.93
toxicity_score_ma            15   1272 |           -0.0870  -0.03   0.0000  -0.1727 |           -1.3177  -0.52
va_bandwidth                 15   3006 |            7.2021   1.15  11.3205   3.1471 |          -10.5218  -1.68
volume_acceleration          15   3068 |            0.5966   0.09   7.7658  -6.4622 |           -3.9847  -0.59
vwap_momentum                15   2842 |           -7.3574  -1.13 -12.5726  -2.2225 |            4.2189   0.65
vwap_position                15   2726 |           -2.6050  -0.40 -12.4107   7.0499 |           -0.4054  -0.06
atr                          30   1505 |           -7.4719  -1.17 -12.4596  -2.5610 |            5.8099   0.91
atr_ratio                    30   1505 |           -8.0905  -1.29 -14.0489  -2.2238 |            6.4285   1.02
avg_volume                   30   1505 |           -6.0215  -0.89 -10.3877  -1.7226 |            4.3595   0.65
bb_position                  30   1472 |           -2.7232  -0.42 -12.0566   6.4667 |            1.0976   0.17
cancel_add_ratio             30    632 |           -1.2817  -0.58   0.0000  -2.5436 |            0.5837   0.26
cvd                          30    187 |            3.0769   2.28   0.0000   6.1065 |           -3.2834  -2.42
cvd_delta_norm               30   1505 |           -3.1485  -0.49 -10.2002   3.7946 |            1.4865   0.23
cvd_divergence               30   1504 |           -9.7712  -1.50 -14.5756  -5.0407 |            8.1103   1.24
cvd_monotone_ratio           30    263 |           -2.9234  -1.73   0.0000  -5.8017 |            2.6329   1.57
cvd_slope                    30   1504 |           -0.9857  -0.15 -12.8861  10.7316 |           -0.6752  -0.10
ema_cross                    30   1275 |           -6.8291  -1.07 -12.8307  -0.9199 |            5.4211   0.85
foreign_call_net             30    629 |            0.9181   0.36   0.0000   1.8221 |           -1.6127  -0.64
foreign_futures_net          30    629 |            0.7589   0.31   0.0000   1.5061 |           -1.4535  -0.58
foreign_put_net              30    629 |           -2.1585  -0.83   0.0000  -4.2837 |            1.4638   0.56
foreign_retail_divergence    30    629 |            1.7118   0.66   0.0000   3.3972 |           -2.4064  -0.93
hurst                        30   1406 |           -8.7666  -1.44 -12.6061  -4.9861 |            7.2139   1.19
imbalance_slope              30    631 |            1.5251   0.47   0.0000   3.0267 |           -2.2219  -0.68
institution_futures_net      30    629 |           -3.9084  -1.41   0.0000  -7.7567 |            3.2138   1.17
macro_krw_chg                30    523 |           -1.6705  -0.69   0.0000  -3.3153 |            1.0929   0.46
macro_nasdaq_chg             30     13 |           -0.5183  -1.83   0.0000  -1.0287 |            0.5040   1.82
macro_sp500_chg              30     50 |           -0.3465  -0.44   0.0000  -0.6877 |            0.2913   0.37
macro_us10y_chg              30     38 |           -1.0814  -1.40   0.0000  -2.1463 |            1.0395   1.35
macro_vix                    30    115 |            0.3004   0.30   0.0000   0.5961 |           -0.4274  -0.43
microprice_bias              30    632 |           -0.7355  -0.27   0.0000  -1.4596 |            0.0375   0.01
microprice_depth_bias        30    632 |           -0.3894  -0.14   0.0000  -0.7729 |           -0.3085  -0.11
microprice_slope             30    632 |            0.0786   0.05   0.0000   0.1560 |           -0.7766  -0.45
mlofi_norm                   30    632 |            2.5834   1.10   0.0000   5.1271 |           -3.2814  -1.39
mlofi_slope                  30    630 |           -2.9083  -1.11   0.0000  -5.7719 |            2.2126   0.85
ofi_imbalance                30    632 |           -3.7845  -1.47   0.0000  -7.5107 |            3.0865   1.20
ofi_norm                     30    632 |           -0.7023  -0.25   0.0000  -1.3938 |            0.0044   0.00
ofi_reversal_speed           30    632 |            2.4377   1.02   0.0000   4.8379 |           -3.1356  -1.31
opt_pcr_extreme_signed       30    335 |            2.2484   1.05   0.0000   4.4621 |           -2.6183  -1.21
opt_pcr_norm                 30    336 |            2.2861   1.07   0.0000   4.5370 |           -2.6572  -1.23
opt_pcr_slope_norm           30    436 |            0.8579   0.42   0.0000   1.7025 |           -1.3393  -0.66
poc_distance                 30   1497 |            4.1409   0.66   9.0038  -0.6473 |           -5.7940  -0.92
prev_day_same_hour_ret       30    284 |           -1.2732  -0.88   0.0000  -2.5269 |            0.9596   0.66
program_arb_net              30    309 |           -1.3889  -0.98   0.0000  -2.7565 |            1.0477   0.74
program_foreign_net_krw      30    201 |           -0.9435  -0.66   0.0000  -1.8726 |            0.7216   0.50
program_non_arb_net          30    309 |            1.0498   0.75   0.0000   2.0835 |           -1.3911  -0.99
quality_investor_age_sec     30    632 |           -4.7015  -2.00   0.0000  -9.3307 |            4.0036   1.71
quality_investor_fetch_count   30    112 |            0.4347   0.34   0.0000   0.8628 |           -0.5584  -0.44
quality_macro_age_sec        30    632 |            0.2064   0.09   0.0000   0.4096 |           -0.9043  -0.39
queue_depletion_speed        30    598 |           -2.4826  -0.97   0.0000  -4.9270 |            1.8222   0.72
queue_momentum               30    630 |            2.3382   0.87   0.0000   4.6404 |           -3.0339  -1.13
queue_refill_rate            30    598 |            2.2182   0.87   0.0000   4.4022 |           -2.8786  -1.13
queue_signal                 30    632 |           -1.5859  -0.56   0.0000  -3.1473 |            0.8879   0.32
queue_signal_ma              30    632 |            0.8726   0.38   0.0000   1.7317 |           -1.5705  -0.67
ret_15m                      30   1480 |            6.1859   0.98  11.6260   0.8295 |           -7.8203  -1.24
ret_1m                       30   1505 |            6.9667   1.04  10.1548   3.8276 |           -8.6287  -1.29
ret_5m                       30   1501 |            2.9349   0.45  11.7344  -5.7291 |           -4.5925  -0.70
retail_futures_net           30    629 |           -1.8836  -0.83   0.0000  -3.7382 |            1.1890   0.52
spread_ticks                 30    630 |           -2.0649  -0.97   0.0000  -4.0981 |            1.3692   0.65
time_cos                     30   1504 |            8.1999   1.27  11.2775   5.1696 |           -9.8608  -1.53
time_sin                     30   1504 |           -7.7614  -1.20 -12.3213  -3.2716 |            6.1005   0.94
toxicity_atr_stress          30    518 |           -1.4747  -0.85   0.0000  -2.9267 |            0.9027   0.52
toxicity_cancel_stress       30    563 |           -1.7713  -0.95   0.0000  -3.5154 |            1.1496   0.62
toxicity_flow_stress         30    632 |           -1.2525  -0.50   0.0000  -2.4858 |            0.5546   0.22
toxicity_queue_stress        30    591 |           -5.1028  -2.12   0.0000 -10.1270 |            4.4501   1.86
toxicity_score               30    632 |           -2.5660  -0.93   0.0000  -5.0926 |            1.8681   0.68
toxicity_score_ma            30    632 |            0.9168   0.35   0.0000   1.8194 |           -1.6147  -0.62
va_bandwidth                 30   1493 |           -5.1487  -0.79 -10.9812   0.5940 |            3.5000   0.54
volume_acceleration          30   1499 |          -10.7211  -1.78 -12.1108  -9.3528 |            9.0657   1.51
vwap_momentum                30   1405 |           -5.6990  -0.87 -12.7169   1.2108 |            4.1475   0.63
vwap_position                30   1359 |           -3.0055  -0.46 -14.3073   8.1225 |            1.5047   0.23

합격 참고선(08-02 계획 L2, 관측 전 고정): 일평균 net > 0 이고 t 유의 + 전·후반 동부호. 구 가정(0.133pt) 열은 JSON에 병기.
JSON: docs/미륵이고도화3/26주WFA_20260824/L2_tradability.json
