raw_features 47351행, 130거래일 (2026-02-10 ~ 2026-08-24)
스크리닝 대상 피처 151개 / 후보 82개 (커버리지 80%+ · 고유값 20+ · 첫관측후 15거래일+)
  제외 69개 — 이번 창에서 평가되지 않은 피처:
    above_vwap                       고유값 2 < 20 (상수·플래그)
    atr_expansion_rate               커버리지 54.0% < 80% (첫관측 이후 19559행 중 10557행)
    bar_volume                       커버리지 54.0% < 80% (첫관측 이후 19559행 중 10557행)
    basis_ready                      고유값 2 < 20 (상수·플래그)
    bear_exhaustion                  고유값 1 < 20 (상수·플래그)
    bear_exhaustion_shadow           고유값 1 < 20 (상수·플래그)
    bear_exhaustion_signal           고유값 1 < 20 (상수·플래그)
    bear_reversal_signal             커버리지 78.4% < 80% (첫관측 이후 47351행 중 37107행)
    bull_exhaustion                  고유값 3 < 20 (상수·플래그)
    bull_exhaustion_signal           고유값 2 < 20 (상수·플래그)
    bull_reversal_signal             고유값 2 < 20 (상수·플래그)
    cvd_direction                    고유값 4 < 20 (상수·플래그)
    cvd_exhaustion                   고유값 1 < 20 (상수·플래그)
    cvd_exhaustion_signal            고유값 1 < 20 (상수·플래그)
    entry_ok                         커버리지 54.0% < 80% (첫관측 이후 19559행 중 10557행)
    feature_degraded                 고유값 1 < 20 (상수·플래그)
    feature_quality_score            고유값 11 < 20 (상수·플래그)
    feature_recoverable_errors       커버리지 77.5% < 80% (첫관측 이후 47351행 중 36695행)
    in_value_area                    고유값 3 < 20 (상수·플래그)
    is_close_volatile                고유값 2 < 20 (상수·플래그)
    is_month_end_rebalance           고유값 2 < 20 (상수·플래그)
    is_monthly_expiry_week           고유값 2 < 20 (상수·플래그)
    is_monthly_witching              고유값 2 < 20 (상수·플래그)
    is_open_volatile                 고유값 2 < 20 (상수·플래그)
    is_weekly_witching               고유값 2 < 20 (상수·플래그)
    macro_event_flag                 고유값 1 < 20 (상수·플래그)
    macro_quality_age_sec            커버리지 78.4% < 80% (첫관측 이후 47351행 중 37107행)
    macro_quality_available          커버리지 78.4% < 80% (첫관측 이후 47351행 중 37107행)
    macro_quality_fallback_used      커버리지 78.4% < 80% (첫관측 이후 47351행 중 37107행)
    macro_quality_source_code        고유값 3 < 20 (상수·플래그)
    macro_quality_stale              커버리지 78.4% < 80% (첫관측 이후 47351행 중 37107행)
    macro_risk_off                   고유값 2 < 20 (상수·플래그)
    macro_risk_on                    고유값 2 < 20 (상수·플래그)
    macro_vix_abs                    커버리지 77.5% < 80% (첫관측 이후 47351행 중 36695행)
    micro_regime_code                커버리지 55.8% < 80% (첫관측 이후 20373행 중 11371행)
    microprice                       커버리지 77.5% < 80% (첫관측 이후 47351행 중 36695행)
    mlofi_pressure                   고유값 3 < 20 (상수·플래그)
    multi_timeframe_15m              고유값 3 < 20 (상수·플래그)
    multi_timeframe_5m               고유값 3 < 20 (상수·플래그)
    ofi_pressure                     고유값 3 < 20 (상수·플래그)
    opt_available                    고유값 2 < 20 (상수·플래그)
    opt_chain_available              고유값 2 < 20 (상수·플래그)
    opt_gex_sign                     고유값 3 < 20 (상수·플래그)
    opt_pcr_bearish                  고유값 2 < 20 (상수·플래그)
    opt_pcr_bullish                  고유값 2 < 20 (상수·플래그)
    opt_pcr_extreme                  고유값 3 < 20 (상수·플래그)
    opt_pcr_extreme_bearish          고유값 2 < 20 (상수·플래그)
    opt_pcr_extreme_bullish          고유값 2 < 20 (상수·플래그)
    poc_above                        고유값 3 < 20 (상수·플래그)
    program_individual_net_krw       고유값 1 < 20 (상수·플래그)
    program_institution_net_krw      고유값 1 < 20 (상수·플래그)
    quality_investor_futures_supported 고유값 2 < 20 (상수·플래그)
    quality_investor_option_supported 고유값 2 < 20 (상수·플래그)
    quality_investor_program_supported 고유값 2 < 20 (상수·플래그)
    quality_investor_reason_code     고유값 3 < 20 (상수·플래그)
    quality_investor_source_code     고유값 2 < 20 (상수·플래그)
    quality_investor_stale           고유값 2 < 20 (상수·플래그)
    quality_investor_supported       고유값 2 < 20 (상수·플래그)
    quality_macro_available          고유값 2 < 20 (상수·플래그)
    quality_macro_fallback_used      고유값 2 < 20 (상수·플래그)
    quality_macro_stale              고유값 1 < 20 (상수·플래그)
    quality_option_available         고유값 2 < 20 (상수·플래그)
    quality_supply_available         고유값 2 < 20 (상수·플래그)
    queue_directional_depletion      커버리지 54.0% < 80% (첫관측 이후 19559행 중 10557행)
    threshold_feasibility            커버리지 55.8% < 80% (첫관측 이후 20373행 중 11371행)
    toxicity_regime_code             고유값 3 < 20 (상수·플래그)
    toxicity_spread_stress           커버리지 56.5% < 80% (첫관측 이후 20692행 중 11690행)
    vkospi_ready                     고유값 2 < 20 (상수·플래그)
    vwap                             커버리지 77.5% < 80% (첫관측 이후 47351행 중 36695행)
왕복비용(정본 산식, 평균가 1053.00 기준): 0.0716pt | 병기(394차 구 가정): 0.133pt
※ 방향 ± 둘 다 출력 — 더 좋은 쪽 사후 선택은 in-sample. 후보 심사는 예상 부호 사전 명세 방향만 읽을 것.

feature                       h    거래수 | +1방향:     net/일      t       전반       후반 | -1방향:     net/일      t
----------------------------------------------------------------------------------------------------------
atr                           1  46800 |          -16.9606  -2.69 -15.8646 -18.0398 |          -34.9837  -5.59
atr_ratio                     1  46654 |          -18.3143  -2.94 -16.8603 -19.7460 |          -33.4680  -5.41
avg_volume                    1  46833 |          -17.0123  -2.75 -15.4628 -18.5379 |          -34.9687  -5.69
basis_change_pt               1  10025 |           -9.5136  -4.27   0.0000 -18.8808 |           -1.6134  -1.02
basis_pt                      1   9999 |           -7.5463  -3.63   0.0000 -14.9764 |           -3.5518  -2.02
bb_position                   1  44695 |          -24.7794  -3.86 -32.8691 -16.8142 |          -24.8286  -3.84
bull_exhaustion_shadow        1     43 |            0.0659   0.52   0.0000   0.1308 |           -0.1136  -0.89
cancel_add_ratio              1  11479 |           -7.9282  -4.04   0.0000 -15.7345 |           -4.8126  -2.75
cancel_churn_ratio            1   7531 |           -4.3013  -2.95   0.0000  -8.5364 |           -4.0576  -2.83
cvd                           1   1250 |            0.5089   0.77   0.0000   1.0100 |           -1.8963  -1.70
cvd_delta_norm                1  46689 |          -33.5659  -4.88 -32.5583 -34.5580 |          -18.2553  -2.64
cvd_divergence                1  10525 |           -5.5013  -3.39   0.0000 -10.9179 |           -6.1807  -3.80
cvd_monotone_ratio            1   2456 |           -2.9712  -2.56   0.0000  -5.8967 |            0.2452   0.24
cvd_slope                     1  37470 |          -25.5159  -3.96 -29.5653 -21.5287 |          -16.0729  -2.46
ema_cross                     1  25053 |          -12.8901  -6.94 -11.3121 -14.4439 |          -14.9168  -7.55
foreign_call_net              1  11365 |           -7.0785  -4.07   0.0000 -14.0480 |           -5.5358  -3.41
foreign_futures_net           1  11376 |           -5.5751  -2.95   0.0000 -11.0644 |           -7.0514  -3.51
foreign_put_net               1  11377 |           -5.4341  -2.92   0.0000 -10.7846 |           -7.1935  -3.60
foreign_retail_divergence     1  11367 |           -5.8560  -3.10   0.0000 -11.6219 |           -6.7605  -3.43
hurst                         1  41861 |          -22.6702  -9.65 -21.7202 -23.6056 |          -23.7922 -10.12
imbalance_slope               1  10417 |           -3.3179  -1.61   0.0000  -6.5848 |           -8.2441  -3.50
institution_futures_net       1  11380 |           -6.2779  -2.73   0.0000 -12.4593 |           -6.3530  -2.78
kyle_lambda                   1  10091 |           -5.6544  -3.16   0.0000 -11.2218 |           -5.5459  -3.16
macro_krw_chg                 1   9654 |           -4.6261  -3.80   0.0000  -9.1811 |           -6.0891  -4.38
macro_nasdaq_chg              1    394 |           -0.5850  -1.79   0.0000  -1.1610 |            0.1477   1.18
macro_sp500_chg               1    412 |           -0.4730  -1.52   0.0000  -0.9387 |            0.0157   0.08
macro_us10y_chg               1     86 |            0.1758   1.32   0.0000   0.3490 |           -0.2713  -1.29
macro_vix                     1   1236 |           -0.6376  -0.94   0.0000  -1.2653 |           -0.7343  -1.15
microprice_bias               1  11521 |           -7.0996  -3.99   0.0000 -14.0900 |           -5.6878  -3.46
microprice_depth_bias         1  11552 |           -9.1188  -4.59   0.0000 -18.0973 |           -3.7030  -2.47
microprice_slope              1  11516 |           -4.2818  -2.20   0.0000  -8.4977 |           -8.5001  -3.79
mlofi_norm                    1  11564 |           -6.1990  -3.12   0.0000 -12.3026 |           -6.6362  -3.28
mlofi_slope                   1  11493 |           -3.5906  -2.19   0.0000  -7.1259 |           -9.1658  -4.37
ofi_imbalance                 1  11060 |           -3.1735  -1.87   0.0000  -6.2982 |           -9.1022  -4.27
ofi_norm                      1  11519 |           -2.4408  -1.45   0.0000  -4.8441 |          -10.3444  -4.54
ofi_reversal_speed            1  11529 |           -5.6085  -2.54   0.0000 -11.1308 |           -7.1878  -3.13
opt_atm_call_oi               1   8821 |           -6.4210  -3.17   0.0000 -12.7433 |           -3.3696  -1.88
opt_atm_pcr                   1   8649 |           -4.1628  -2.06   0.0000  -8.2616 |           -5.4369  -2.53
opt_atm_put_oi                1   8671 |           -4.7575  -3.33   0.0000  -9.4418 |           -4.8666  -3.46
opt_chain_pcr                 1   9490 |           -3.6097  -2.04   0.0000  -7.1638 |           -6.9235  -3.40
opt_gex_bn                    1   9591 |           -8.2788  -4.28   0.0000 -16.4301 |           -2.3665  -1.71
opt_pcr_extreme_signed        1   4951 |           -3.5577  -3.09   0.0000  -7.0606 |           -1.9375  -2.00
opt_pcr_norm                  1   4951 |           -3.5577  -3.09   0.0000  -7.0606 |           -1.9375  -2.00
opt_pcr_slope_norm            1   8169 |           -4.1863  -2.65   0.0000  -8.3083 |           -4.8806  -3.06
poc_distance                  1  46050 |          -28.3754  -4.19 -35.2919 -21.5653 |          -22.7365  -3.34
prev_day_same_hour_ret        1   8814 |           -4.2637  -2.96   0.0000  -8.4618 |           -5.5192  -3.54
price_extension_atr           1   8956 |           -3.7983  -3.11   0.0000  -7.5382 |           -6.1422  -4.06
price_extension_atr_60m       1   6425 |           -3.7966  -2.88   0.0000  -7.5349 |           -3.3346  -2.67
program_arb_net               1   9632 |           -8.2192  -3.71   0.0000 -16.3119 |           -2.4716  -1.39
program_foreign_net_krw       1   6124 |           -2.4062  -1.79   0.0000  -4.7753 |           -4.3910  -2.78
program_non_arb_net           1   9680 |           -1.8280  -1.28   0.0000  -3.6279 |           -8.9161  -4.33
quality_investor_age_sec      1  11478 |           -7.3435  -3.97   0.0000 -14.5740 |           -5.3962  -3.17
quality_investor_fetch_count    1    437 |            0.8522   1.13   0.0000   1.6913 |           -1.3372  -1.55
quality_macro_age_sec         1  11530 |           -4.4080  -1.91   0.0000  -8.7482 |           -8.3894  -3.29
queue_depletion_speed         1   6810 |           -4.5625  -3.03   0.0000  -9.0549 |           -2.9960  -2.11
queue_momentum                1  11496 |           -7.9177  -3.75   0.0000 -15.7135 |           -4.8420  -2.53
queue_refill_rate             1   6808 |           -3.0619  -2.14   0.0000  -6.0767 |           -4.4945  -3.00
queue_signal                  1  11547 |           -7.3664  -3.29   0.0000 -14.6195 |           -5.4498  -2.57
queue_signal_ma               1  11550 |           -8.1428  -3.26   0.0000 -16.1604 |           -4.6768  -2.04
realized_vol_ann              1   9725 |           -5.8851  -3.20   0.0000 -11.6796 |           -4.9089  -2.82
ret_15m                       1  45181 |          -26.1511  -4.08 -35.9765 -16.4769 |          -23.9963  -3.73
ret_1m                        1  46405 |          -33.5896  -5.10 -29.5411 -37.5758 |          -17.9164  -2.71
ret_5m                        1  46233 |          -26.3008  -4.01 -33.6060 -19.1081 |          -25.0142  -3.80
retail_futures_net            1  11348 |           -7.2185  -2.70   0.0000 -14.3259 |           -5.3769  -2.10
round_number_distance         1   9934 |           -4.6063  -2.21   0.0000  -9.1418 |           -6.4197  -2.89
rv_iv_spread                  1   9679 |           -5.7077  -3.39   0.0000 -11.3277 |           -5.0352  -3.09
spread_ticks                  1  10194 |           -4.1684  -2.93   0.0000  -8.2727 |           -7.1461  -4.25
time_cos                      1  46887 |          -16.5171  -2.53 -14.8670 -18.1417 |          -35.5239  -5.47
time_sin                      1  46866 |          -31.6667  -4.86 -37.7445 -25.6824 |          -20.3509  -3.11
toxicity_atr_stress           1   6641 |           -3.4557  -2.82   0.0000  -6.8583 |           -3.9153  -2.87
toxicity_cancel_stress        1   9409 |           -7.4762  -4.25   0.0000 -14.8374 |           -2.9671  -2.29
toxicity_flow_stress          1  11572 |           -9.6431  -4.22   0.0000 -19.1378 |           -3.2009  -1.79
toxicity_queue_stress         1   4744 |           -4.7810  -3.39   0.0000  -9.4884 |           -0.4845  -0.41
toxicity_score                1  11559 |           -8.5660  -4.37   0.0000 -17.0001 |           -4.2636  -2.70
toxicity_score_ma             1  11589 |           -6.8829  -3.53   0.0000 -13.6599 |           -5.9800  -3.18
trend_efficiency              1  10052 |           -3.8414  -2.22   0.0000  -7.6237 |           -7.3155  -3.63
va_bandwidth                  1  45273 |          -16.7913  -2.67 -11.9334 -21.5744 |          -33.4583  -5.36
vkospi                        1   9918 |           -5.6053  -3.24   0.0000 -11.1245 |           -5.4029  -3.16
volume_acceleration           1  46371 |          -32.2446  -5.08 -38.2125 -26.3684 |          -19.2236  -3.02
vpin                          1   9688 |           -5.7115  -3.23   0.0000 -11.3351 |           -5.0414  -2.94
vwap_momentum                 1  43395 |          -23.8984  -3.69 -32.7511 -15.1820 |          -24.2667  -3.73
vwap_position                 1  39393 |          -23.1342  -3.66 -29.4189 -16.9462 |          -20.5890  -3.17
atr                           3  15621 |           -0.5711  -0.09   1.7136  -2.8206 |          -16.7670  -2.67
atr_ratio                     3  15601 |           -1.2252  -0.19  -0.5354  -1.9043 |          -16.0907  -2.49
avg_volume                    3  15622 |            0.0273   0.00   1.7151  -1.6345 |          -17.3665  -2.82
basis_change_pt               3   3353 |           -1.0324  -0.76   0.0000  -2.0489 |           -2.6892  -1.89
basis_pt                      3   3351 |           -1.1093  -0.87   0.0000  -2.2015 |           -2.6101  -1.95
bb_position                   3  14890 |          -10.4094  -1.63 -18.1675  -2.7706 |           -6.1174  -0.96
bull_exhaustion_shadow        3     36 |            0.1507   0.72   0.0000   0.2991 |           -0.1907  -0.90
cancel_add_ratio              3   3851 |           -2.0779  -1.67   0.0000  -4.1239 |           -2.1964  -1.74
cancel_churn_ratio            3   2520 |            0.0772   0.06   0.0000   0.1531 |           -2.8742  -2.03
cvd                           3    471 |            0.8135   1.58   0.0000   1.6145 |           -1.3363  -2.02
cvd_delta_norm                3  15603 |          -12.5406  -1.89 -16.8926  -8.2556 |           -4.7775  -0.72
cvd_divergence                3   3606 |           -2.1350  -1.34   0.0000  -4.2371 |           -1.8674  -1.18
cvd_monotone_ratio            3    870 |           -1.9197  -1.76   0.0000  -3.8099 |            0.9541   0.90
cvd_slope                     3  13977 |          -12.1536  -1.89 -19.0703  -5.3433 |           -3.3598  -0.52
ema_cross                     3   8768 |           -4.5996  -2.34  -5.2633  -3.9462 |           -5.1322  -2.59
foreign_call_net              3   3792 |           -2.3647  -1.57   0.0000  -4.6931 |           -1.8441  -1.23
foreign_futures_net           3   3794 |           -1.7815  -0.97   0.0000  -3.5356 |           -2.4296  -1.31
foreign_put_net               3   3791 |           -1.4911  -0.85   0.0000  -2.9593 |           -2.7166  -1.52
foreign_retail_divergence     3   3790 |           -2.5075  -1.28   0.0000  -4.9764 |           -1.6991  -0.88
hurst                         3  13937 |           -8.0011  -3.41  -4.3311 -11.6146 |           -7.4679  -3.18
imbalance_slope               3   3691 |           -0.2119  -0.14   0.0000  -0.4206 |           -3.8848  -2.36
institution_futures_net       3   3792 |           -2.0057  -0.88   0.0000  -3.9805 |           -2.2032  -0.97
kyle_lambda                   3   3368 |           -1.9784  -1.01   0.0000  -3.9264 |           -1.7598  -0.91
macro_krw_chg                 3   3256 |           -1.4519  -1.32   0.0000  -2.8815 |           -2.1620  -1.90
macro_nasdaq_chg              3    130 |           -0.4540  -1.77   0.0000  -0.9010 |            0.3097   1.66
macro_sp500_chg               3    137 |           -0.3422  -1.30   0.0000  -0.6792 |            0.1902   0.85
macro_us10y_chg               3     29 |            0.2171   1.35   0.0000   0.4308 |           -0.2493  -1.34
macro_vix                     3    415 |           -0.2002  -0.33   0.0000  -0.3974 |           -0.2604  -0.43
microprice_bias               3   3851 |           -1.8010  -1.22   0.0000  -3.5744 |           -2.4733  -1.65
microprice_depth_bias         3   3860 |           -6.0797  -2.99   0.0000 -12.0658 |            1.7954   0.99
microprice_slope              3   3857 |           -2.3157  -1.25   0.0000  -4.5957 |           -1.9653  -1.07
mlofi_norm                    3   3860 |           -1.6479  -1.02   0.0000  -3.2704 |           -2.6364  -1.59
mlofi_slope                   3   3848 |            1.3023   0.81   0.0000   2.5846 |           -5.5733  -3.07
ofi_imbalance                 3   3799 |           -1.9649  -1.54   0.0000  -3.8995 |           -2.2517  -1.73
ofi_norm                      3   3857 |           -0.6625  -0.39   0.0000  -1.3148 |           -3.6185  -2.05
ofi_reversal_speed            3   3857 |           -0.4909  -0.28   0.0000  -0.9742 |           -3.7901  -2.04
opt_atm_call_oi               3   2990 |           -2.8984  -1.75   0.0000  -5.7522 |           -0.4203  -0.27
opt_atm_pcr                   3   2939 |           -1.9473  -1.03   0.0000  -3.8647 |           -1.3148  -0.70
opt_atm_put_oi                3   2946 |           -1.6273  -1.29   0.0000  -3.2296 |           -1.6425  -1.31
opt_chain_pcr                 3   3202 |           -0.0320  -0.02   0.0000  -0.0636 |           -3.5219  -1.95
opt_gex_bn                    3   3229 |           -4.0673  -2.79   0.0000  -8.0721 |            0.4834   0.38
opt_pcr_extreme_signed        3   1679 |           -1.4253  -1.52   0.0000  -2.8286 |           -0.4383  -0.50
opt_pcr_norm                  3   1679 |           -1.4253  -1.52   0.0000  -2.8286 |           -0.4383  -0.50
opt_pcr_slope_norm            3   2735 |           -1.6005  -1.34   0.0000  -3.1763 |           -1.4352  -1.24
poc_distance                  3  15347 |           -1.2073  -0.21   5.7845  -8.0916 |          -15.8267  -2.71
prev_day_same_hour_ret        3   2948 |            0.4892   0.28   0.0000   0.9710 |           -3.7613  -2.03
price_extension_atr           3   2987 |           -0.6471  -0.58   0.0000  -1.2843 |           -2.6682  -2.21
price_extension_atr_60m       3   2135 |           -1.8008  -1.51   0.0000  -3.5739 |           -0.5689  -0.50
program_arb_net               3   3217 |           -4.6540  -2.53   0.0000  -9.2364 |            1.0834   0.65
program_foreign_net_krw       3   2039 |           -0.7187  -0.53   0.0000  -1.4263 |           -1.5444  -1.10
program_non_arb_net           3   3227 |            1.6327   1.25   0.0000   3.2403 |           -5.2144  -3.36
quality_investor_age_sec      3   3836 |           -4.1518  -2.60   0.0000  -8.2397 |           -0.1059  -0.07
quality_investor_fetch_count    3    166 |            0.5674   0.98   0.0000   1.1261 |           -0.7517  -1.29
quality_macro_age_sec         3   3839 |           -0.7409  -0.53   0.0000  -1.4704 |           -3.5201  -2.35
queue_depletion_speed         3   2927 |           -1.4676  -1.15   0.0000  -2.9127 |           -1.7811  -1.35
queue_momentum                3   3847 |           -0.0463  -0.03   0.0000  -0.0918 |           -4.2236  -2.30
queue_refill_rate             3   2927 |           -0.3923  -0.31   0.0000  -0.7785 |           -2.8565  -2.12
queue_signal                  3   3860 |           -0.1732  -0.09   0.0000  -0.3437 |           -4.1111  -2.09
queue_signal_ma               3   3859 |           -2.2425  -1.33   0.0000  -4.4506 |           -2.0407  -1.21
realized_vol_ann              3   3234 |           -2.8344  -1.79   0.0000  -5.6253 |           -0.7551  -0.50
ret_15m                       3  15070 |            0.6284   0.10   2.5815  -1.2946 |          -17.3550  -2.88
ret_1m                        3  15574 |          -14.9770  -2.35 -16.8219 -13.1605 |           -2.3089  -0.36
ret_5m                        3  15462 |           -2.5338  -0.40   6.3695 -11.3002 |          -14.6278  -2.29
retail_futures_net            3   3793 |           -2.2358  -1.10   0.0000  -4.4372 |           -1.9741  -0.98
round_number_distance         3   3354 |           -1.7768  -1.30   0.0000  -3.5264 |           -1.9458  -1.40
rv_iv_spread                  3   3222 |           -2.3647  -1.75   0.0000  -4.6930 |           -1.2115  -0.93
spread_ticks                  3   3685 |           -4.3782  -3.17   0.0000  -8.6891 |            0.2881   0.24
time_cos                      3  15592 |            0.8417   0.13   2.6238  -0.9130 |          -18.1476  -2.79
time_sin                      3  15591 |          -14.7007  -2.26 -20.3545  -9.1339 |           -2.6041  -0.40
toxicity_atr_stress           3   2336 |           -0.8646  -0.69   0.0000  -1.7159 |           -1.7282  -1.34
toxicity_cancel_stress        3   3153 |           -1.4706  -1.57   0.0000  -2.9185 |           -2.0290  -2.09
toxicity_flow_stress          3   3865 |           -1.6183  -0.82   0.0000  -3.2116 |           -2.6716  -1.35
toxicity_queue_stress         3   2588 |           -3.3325  -2.46   0.0000  -6.6138 |            0.4600   0.35
toxicity_score                3   3862 |           -2.5893  -1.67   0.0000  -5.1388 |           -1.6972  -1.11
toxicity_score_ma             3   3862 |           -4.5074  -2.50   0.0000  -8.9455 |            0.2209   0.13
trend_efficiency              3   3356 |            0.3428   0.23   0.0000   0.6804 |           -4.0677  -2.52
va_bandwidth                  3  15151 |            0.5674   0.09   3.6708  -2.4881 |          -17.3839  -2.75
vkospi                        3   3330 |           -1.9567  -1.32   0.0000  -3.8833 |           -1.7393  -1.18
volume_acceleration           3  15475 |          -14.3353  -2.21 -23.6143  -5.1991 |           -2.8408  -0.44
vpin                          3   3240 |           -2.9249  -2.03   0.0000  -5.8048 |           -0.6713  -0.49
vwap_momentum                 3  14542 |           -8.5320  -1.35 -16.8290  -0.3625 |           -7.6085  -1.20
vwap_position                 3  13246 |          -11.2575  -1.78 -18.0504  -4.5691 |           -3.4445  -0.54
atr                           5   9329 |            3.3989   0.53   4.3919   2.4211 |          -13.7534  -2.15
atr_ratio                     5   9331 |            3.8744   0.58   3.7518   3.9951 |          -14.2311  -2.13
avg_volume                    5   9332 |            2.2464   0.36   5.3110  -0.7710 |          -12.6042  -2.01
basis_change_pt               5   2007 |           -0.8825  -0.55   0.0000  -1.7514 |           -1.3451  -0.83
basis_pt                      5   2008 |           -1.2584  -0.74   0.0000  -2.4974 |           -0.9703  -0.57
bb_position                   5   8922 |            5.9334   0.97   8.6513   3.2574 |          -15.8362  -2.58
bull_exhaustion_shadow        5     35 |            0.0210   0.10   0.0000   0.0418 |           -0.0599  -0.27
cancel_add_ratio              5   2309 |           -2.9394  -1.77   0.0000  -5.8336 |            0.3766   0.24
cancel_churn_ratio            5   1506 |           -1.1652  -1.19   0.0000  -2.3125 |           -0.5063  -0.53
cvd                           5    315 |            0.8174   1.87   0.0000   1.6223 |           -1.1671  -2.25
cvd_delta_norm                5   9326 |          -10.3432  -1.59 -11.3297  -9.3719 |           -0.0079  -0.00
cvd_divergence                5   2192 |           -0.4554  -0.30   0.0000  -0.9038 |           -1.9776  -1.27
cvd_monotone_ratio            5    526 |           -1.7463  -1.74   0.0000  -3.4658 |            1.1625   1.19
cvd_slope                     5   8677 |           -9.5026  -1.48 -17.1133  -2.0090 |           -0.1282  -0.02
ema_cross                     5   5493 |           -4.4313  -2.08  -4.3913  -4.4707 |           -1.6655  -0.77
foreign_call_net              5   2273 |           -1.9684  -1.19   0.0000  -3.9065 |           -0.5545  -0.34
foreign_futures_net           5   2270 |           -1.1559  -0.66   0.0000  -2.2940 |           -1.3636  -0.78
foreign_put_net               5   2272 |           -1.1331  -0.70   0.0000  -2.2488 |           -1.3886  -0.85
foreign_retail_divergence     5   2272 |           -0.7378  -0.47   0.0000  -1.4642 |           -1.7840  -1.11
hurst                         5   8361 |           -4.2829  -1.67  -0.4143  -8.0920 |           -4.9972  -1.95
imbalance_slope               5   2249 |           -0.9946  -0.53   0.0000  -1.9739 |           -1.5016  -0.79
institution_futures_net       5   2272 |           -1.0379  -0.41   0.0000  -2.0599 |           -1.4838  -0.59
kyle_lambda                   5   2017 |           -0.8409  -0.50   0.0000  -1.6689 |           -1.3978  -0.84
macro_krw_chg                 5   1961 |           -0.4221  -0.36   0.0000  -0.8377 |           -1.7545  -1.45
macro_nasdaq_chg              5     79 |           -0.5034  -2.02   0.0000  -0.9990 |            0.4157   1.98
macro_sp500_chg               5     86 |           -0.3883  -1.54   0.0000  -0.7707 |            0.2929   1.32
macro_us10y_chg               5     20 |            0.2295   1.29   0.0000   0.4555 |           -0.2517  -1.31
macro_vix                     5    256 |           -0.0360  -0.06   0.0000  -0.0715 |           -0.2481  -0.40
microprice_bias               5   2304 |           -2.6572  -1.39   0.0000  -5.2736 |            0.1000   0.05
microprice_depth_bias         5   2308 |           -1.7636  -1.38   0.0000  -3.5001 |           -0.7981  -0.64
microprice_slope              5   2306 |           -2.9859  -2.06   0.0000  -5.9259 |            0.4265   0.31
mlofi_norm                    5   2310 |           -0.6652  -0.30   0.0000  -1.3202 |           -1.8987  -0.84
mlofi_slope                   5   2303 |           -0.8238  -0.54   0.0000  -1.6350 |           -1.7323  -1.13
ofi_imbalance                 5   2290 |            0.3912   0.20   0.0000   0.7763 |           -2.9329  -1.45
ofi_norm                      5   2310 |           -0.2089  -0.12   0.0000  -0.4147 |           -2.3550  -1.34
ofi_reversal_speed            5   2307 |           -2.7321  -1.46   0.0000  -5.4221 |            0.1715   0.09
opt_atm_call_oi               5   1817 |           -2.4367  -1.38   0.0000  -4.8360 |            0.4200   0.25
opt_atm_pcr                   5   1777 |           -0.4579  -0.22   0.0000  -0.9089 |           -1.5144  -0.71
opt_atm_put_oi                5   1783 |           -0.7011  -0.52   0.0000  -1.3915 |           -1.2779  -0.95
opt_chain_pcr                 5   1947 |            0.5040   0.28   0.0000   1.0002 |           -2.6650  -1.43
opt_gex_bn                    5   1958 |           -4.1989  -2.69   0.0000  -8.3331 |            2.0256   1.41
opt_pcr_extreme_signed        5   1020 |           -0.0720  -0.08   0.0000  -0.1428 |           -1.0602  -1.17
opt_pcr_norm                  5   1020 |           -0.0720  -0.08   0.0000  -0.1428 |           -1.0602  -1.17
opt_pcr_slope_norm            5   1643 |           -1.2682  -0.89   0.0000  -2.5170 |           -0.5554  -0.40
poc_distance                  5   9202 |           -8.0671  -1.17 -17.6962   1.4138 |           -2.1464  -0.31
prev_day_same_hour_ret        5   1764 |            0.1748   0.15   0.0000   0.3470 |           -2.1328  -1.72
price_extension_atr           5   1786 |           -0.7795  -0.93   0.0000  -1.5471 |           -1.2028  -1.40
price_extension_atr_60m       5   1275 |           -0.7476  -0.59   0.0000  -1.4837 |           -0.6676  -0.53
program_arb_net               5   1932 |           -3.5945  -2.02   0.0000  -7.1337 |            1.4501   0.86
program_foreign_net_krw       5   1222 |           -0.2810  -0.23   0.0000  -0.5576 |           -1.0754  -0.88
program_non_arb_net           5   1933 |            1.7952   1.52   0.0000   3.5627 |           -3.9406  -2.98
quality_investor_age_sec      5   2298 |           -4.2567  -2.62   0.0000  -8.4479 |            1.7061   1.13
quality_investor_fetch_count    5    112 |            1.1471   1.53   0.0000   2.2766 |           -1.2715  -1.65
quality_macro_age_sec         5   2297 |           -4.8451  -2.56   0.0000  -9.6157 |            2.2956   1.29
queue_depletion_speed         5   1943 |           -2.5915  -1.61   0.0000  -5.1431 |            0.4349   0.28
queue_momentum                5   2303 |            0.5512   0.36   0.0000   1.0940 |           -3.1074  -1.95
queue_refill_rate             5   1943 |            1.2383   0.80   0.0000   2.4575 |           -3.3949  -2.09
queue_signal                  5   2308 |           -0.2702  -0.12   0.0000  -0.5361 |           -2.2915  -0.99
queue_signal_ma               5   2309 |           -0.0423  -0.02   0.0000  -0.0840 |           -2.5205  -1.32
realized_vol_ann              5   1937 |           -1.5945  -1.06   0.0000  -3.1645 |           -0.5554  -0.37
ret_15m                       5   9025 |           -9.6605  -1.50 -18.5970  -0.8615 |           -0.3566  -0.06
ret_1m                        5   9318 |           -5.1245  -0.75   7.5138 -17.5683 |           -5.2178  -0.76
ret_5m                        5   9257 |            0.6814   0.11   4.8580  -3.4309 |          -10.9560  -1.76
retail_futures_net            5   2272 |           -0.7643  -0.36   0.0000  -1.5168 |           -1.7575  -0.82
round_number_distance         5   2017 |            0.6413   0.51   0.0000   1.2727 |           -2.8800  -2.15
rv_iv_spread                  5   1930 |           -2.5599  -1.77   0.0000  -5.0804 |            0.4178   0.30
spread_ticks                  5   2254 |           -2.1129  -1.20   0.0000  -4.1933 |           -0.3889  -0.22
time_cos                      5   9308 |            4.4196   0.68   6.1489   2.7169 |          -14.7508  -2.27
time_sin                      5   9306 |          -10.7250  -1.65 -16.4508  -5.0873 |            0.3961   0.06
toxicity_atr_stress           5   1450 |           -0.1278  -0.11   0.0000  -0.2536 |           -1.4816  -1.22
toxicity_cancel_stress        5   1887 |           -0.5674  -0.43   0.0000  -1.1260 |           -1.5271  -1.14
toxicity_flow_stress          5   2309 |           -2.6457  -1.60   0.0000  -5.2508 |            0.0829   0.05
toxicity_queue_stress         5   1780 |           -3.5824  -2.98   0.0000  -7.1097 |            1.6067   1.45
toxicity_score                5   2310 |           -2.5068  -1.45   0.0000  -4.9750 |           -0.0572  -0.03
toxicity_score_ma             5   2309 |           -2.2654  -1.18   0.0000  -4.4960 |           -0.2974  -0.16
trend_efficiency              5   2009 |           -0.1774  -0.14   0.0000  -0.3521 |           -2.0524  -1.52
va_bandwidth                  5   9100 |            4.8422   0.78   6.8671   2.8484 |          -14.9425  -2.42
vkospi                        5   2001 |           -0.8544  -0.50   0.0000  -1.6956 |           -1.3666  -0.79
volume_acceleration           5   9274 |            2.0905   0.33   7.4345  -3.1713 |          -12.3839  -1.93
vpin                          5   1944 |           -1.4170  -0.95   0.0000  -2.8122 |           -0.7407  -0.50
vwap_momentum                 5   8746 |           -7.2425  -1.08 -15.0447   0.4396 |           -2.4648  -0.37
vwap_position                 5   7957 |           -5.6304  -0.88 -16.3945   4.9681 |           -3.2013  -0.50
atr                          10   4616 |           -7.1106  -1.06 -15.0529   0.7094 |            1.9872   0.30
atr_ratio                    10   4616 |            2.9248   0.44   6.3432  -0.4410 |           -8.0482  -1.21
avg_volume                   10   4617 |            4.6438   0.77  10.1270  -0.7551 |           -9.7683  -1.61
basis_change_pt              10    990 |           -2.3169  -1.45   0.0000  -4.5981 |            1.2180   0.78
basis_pt                     10    991 |           -3.3635  -2.52   0.0000  -6.6752 |            2.2635   1.78
bb_position                  10   4448 |           -7.2497  -1.11 -15.3673   0.7430 |            2.3128   0.35
bull_exhaustion_shadow       10     34 |           -0.1582  -0.56   0.0000  -0.3141 |            0.1205   0.43
cancel_add_ratio             10   1143 |           -2.0339  -1.23   0.0000  -4.0364 |            0.7652   0.47
cancel_churn_ratio           10    745 |           -1.0556  -0.86   0.0000  -2.0950 |            0.2287   0.19
cvd                          10    196 |            0.9746   1.84   0.0000   1.9343 |           -1.1922  -2.08
cvd_delta_norm               10   4616 |          -10.7218  -1.61 -11.6413  -9.8164 |            5.5984   0.84
cvd_divergence               10   1106 |            0.4160   0.27   0.0000   0.8256 |           -1.6436  -1.04
cvd_monotone_ratio           10    285 |           -2.0825  -1.90   0.0000  -4.1330 |            1.7662   1.63
cvd_slope                    10   4480 |          -11.5638  -1.74 -20.3310  -2.9315 |            6.5914   0.99
ema_cross                    10   2983 |           -2.6809  -1.25  -2.8990  -2.4661 |           -0.6300  -0.29
foreign_call_net             10   1122 |           -3.3783  -1.78   0.0000  -6.7047 |            2.1330   1.15
foreign_futures_net          10   1122 |            0.1718   0.09   0.0000   0.3409 |           -1.4171  -0.74
foreign_put_net              10   1123 |           -0.4789  -0.30   0.0000  -0.9504 |           -0.7676  -0.47
foreign_retail_divergence    10   1122 |           -0.2552  -0.17   0.0000  -0.5065 |           -0.9901  -0.65
hurst                        10   4163 |            0.0380   0.02   5.1251  -4.9708 |           -4.6586  -1.90
imbalance_slope              10   1134 |            2.6682   1.28   0.0000   5.2953 |           -3.9268  -1.84
institution_futures_net      10   1122 |           -1.2828  -0.54   0.0000  -2.5459 |            0.0375   0.02
kyle_lambda                  10    998 |            0.3167   0.15   0.0000   0.6285 |           -1.4244  -0.68
macro_krw_chg                10    984 |           -0.0772  -0.07   0.0000  -0.1533 |           -1.0149  -0.85
macro_nasdaq_chg             10     40 |           -0.5332  -1.97   0.0000  -1.0582 |            0.4888   1.92
macro_sp500_chg              10     47 |           -0.4701  -1.52   0.0000  -0.9330 |            0.4179   1.41
macro_us10y_chg              10     13 |            0.1934   0.89   0.0000   0.3838 |           -0.2078  -0.92
macro_vix                    10    140 |            0.0684   0.12   0.0000   0.1357 |           -0.2237  -0.38
microprice_bias              10   1141 |           -0.2954  -0.19   0.0000  -0.5862 |           -0.9710  -0.62
microprice_depth_bias        10   1142 |           -2.4955  -1.45   0.0000  -4.9526 |            1.2279   0.73
microprice_slope             10   1141 |            2.3353   1.73   0.0000   4.6347 |           -3.6017  -2.55
mlofi_norm                   10   1143 |            1.0505   0.65   0.0000   2.0848 |           -2.3191  -1.42
mlofi_slope                  10   1140 |            1.1522   0.59   0.0000   2.2866 |           -2.4175  -1.23
ofi_imbalance                10   1140 |            1.1444   0.69   0.0000   2.2712 |           -2.4097  -1.42
ofi_norm                     10   1143 |            3.1745   2.18   0.0000   6.3002 |           -4.4432  -2.90
ofi_reversal_speed           10   1142 |            1.4355   0.88   0.0000   2.8490 |           -2.7031  -1.62
opt_atm_call_oi              10    932 |           -0.9509  -0.63   0.0000  -1.8871 |           -0.0836  -0.06
opt_atm_pcr                  10    916 |            1.1627   0.85   0.0000   2.3074 |           -2.1794  -1.55
opt_atm_put_oi               10    917 |            0.4097   0.31   0.0000   0.8131 |           -1.4275  -1.07
opt_chain_pcr                10    982 |            0.6925   0.37   0.0000   1.3744 |           -1.7825  -0.94
opt_gex_bn                   10    988 |           -3.7272  -2.03   0.0000  -7.3971 |            2.6306   1.48
opt_pcr_extreme_signed       10    521 |           -0.4000  -0.41   0.0000  -0.7938 |           -0.1783  -0.18
opt_pcr_norm                 10    521 |           -0.4000  -0.41   0.0000  -0.7938 |           -0.1783  -0.18
opt_pcr_slope_norm           10    823 |           -1.2564  -0.86   0.0000  -2.4935 |            0.3430   0.24
poc_distance                 10   4578 |           -6.9277  -0.98 -19.0619   5.0199 |            1.8464   0.26
prev_day_same_hour_ret       10    874 |           -0.4956  -0.40   0.0000  -0.9835 |           -0.4745  -0.38
price_extension_atr          10    883 |           -0.2989  -0.21   0.0000  -0.5931 |           -0.6812  -0.47
price_extension_atr_60m      10    636 |           -0.7781  -0.59   0.0000  -1.5442 |            0.0722   0.06
program_arb_net              10    954 |           -2.7434  -1.51   0.0000  -5.4446 |            1.6845   0.94
program_foreign_net_krw      10    603 |           -0.6297  -0.52   0.0000  -1.2497 |           -0.0396  -0.03
program_non_arb_net          10    954 |            1.7358   1.56   0.0000   3.4450 |           -2.7947  -2.39
quality_investor_age_sec     10   1136 |           -4.4044  -3.30   0.0000  -8.7410 |            3.1435   2.51
quality_investor_fetch_count   10     66 |            0.7882   1.12   0.0000   1.5642 |           -0.8614  -1.22
quality_macro_age_sec        10   1136 |           -1.0537  -0.76   0.0000  -2.0912 |           -0.2072  -0.15
queue_depletion_speed        10   1048 |           -0.3653  -0.26   0.0000  -0.7250 |           -0.7979  -0.57
queue_momentum               10   1141 |           -2.5881  -1.34   0.0000  -5.1364 |            1.3217   0.70
queue_refill_rate            10   1048 |           -0.1349  -0.10   0.0000  -0.2678 |           -1.0283  -0.74
queue_signal                 10   1143 |           -1.3773  -0.79   0.0000  -2.7333 |            0.1086   0.06
queue_signal_ma              10   1143 |            0.1356   0.10   0.0000   0.2691 |           -1.4042  -1.01
realized_vol_ann             10    959 |            0.2079   0.14   0.0000   0.4127 |           -1.2724  -0.84
ret_15m                      10   4479 |           -7.6290  -1.18 -17.1125   1.7086 |            2.6577   0.41
ret_1m                       10   4615 |          -10.5301  -1.60 -13.9416  -7.1712 |            5.4078   0.82
ret_5m                       10   4599 |           -9.4629  -1.49 -17.5194  -1.5303 |            4.3584   0.68
retail_futures_net           10   1122 |           -0.6062  -0.28   0.0000  -1.2031 |           -0.6391  -0.29
round_number_distance        10    998 |           -0.9994  -0.72   0.0000  -1.9835 |           -0.1083  -0.08
rv_iv_spread                 10    954 |           -1.8211  -1.24   0.0000  -3.6141 |            0.7622   0.53
spread_ticks                 10   1135 |           -1.2021  -0.94   0.0000  -2.3858 |           -0.0576  -0.05
time_cos                     10   4601 |            7.8820   1.20   9.1711   6.6129 |          -12.9888  -1.98
time_sin                     10   4598 |           -8.0783  -1.25 -13.6406  -2.6016 |            2.9749   0.46
toxicity_atr_stress          10    777 |           -0.6714  -0.62   0.0000  -1.3324 |           -0.1910  -0.18
toxicity_cancel_stress       10    934 |           -0.6941  -0.78   0.0000  -1.3776 |           -0.3425  -0.39
toxicity_flow_stress         10   1143 |           -1.3430  -0.73   0.0000  -2.6653 |            0.0744   0.04
toxicity_queue_stress        10    993 |           -1.9170  -1.48   0.0000  -3.8044 |            0.8148   0.64
toxicity_score               10   1143 |           -2.0735  -1.02   0.0000  -4.1152 |            0.8049   0.40
toxicity_score_ma            10   1143 |           -1.0363  -0.60   0.0000  -2.0567 |           -0.2323  -0.13
trend_efficiency             10    995 |           -2.4675  -1.78   0.0000  -4.8971 |            1.3632   1.02
va_bandwidth                 10   4536 |            6.5507   1.05   8.8715   4.2656 |          -11.5853  -1.86
vkospi                       10    991 |            0.1503   0.10   0.0000   0.2984 |           -1.2503  -0.81
volume_acceleration          10   4600 |            5.3239   0.81   6.7770   3.8932 |          -10.4296  -1.59
vpin                         10    971 |           -0.4165  -0.33   0.0000  -0.8267 |           -0.6612  -0.52
vwap_momentum                10   4361 |           -1.6109  -0.24 -11.9094   8.5292 |           -3.2295  -0.49
vwap_position                10   3979 |           -1.5860  -0.24 -12.2569   8.9208 |           -2.8304  -0.42
atr                          15   3085 |           -8.0924  -1.23 -14.6283  -1.6570 |            4.6683   0.71
atr_ratio                    15   3085 |            2.7847   0.43   5.0764   0.5282 |           -6.2088  -0.95
avg_volume                   15   3085 |           -8.1058  -1.20 -14.3294  -1.9781 |            4.6817   0.70
basis_change_pt              15    660 |           -0.9151  -0.53   0.0000  -1.8161 |            0.1826   0.11
basis_pt                     15    660 |            0.1543   0.11   0.0000   0.3063 |           -0.8869  -0.61
bb_position                  15   2964 |           -5.1196  -0.78 -14.1276   3.7497 |            1.8298   0.28
bull_exhaustion_shadow       15     32 |           -0.4343  -1.40   0.0000  -0.8620 |            0.3988   1.30
cancel_add_ratio             15    759 |           -2.1846  -1.36   0.0000  -4.3356 |            1.3422   0.85
cancel_churn_ratio           15    494 |           -0.0376  -0.02   0.0000  -0.0745 |           -0.5107  -0.32
cvd                          15    150 |            0.9039   1.28   0.0000   1.7939 |           -1.0704  -1.47
cvd_delta_norm               15   3082 |           -1.7312  -0.27  -7.4782   3.9275 |           -1.6896  -0.26
cvd_divergence               15    740 |           -0.5378  -0.28   0.0000  -1.0673 |           -0.2835  -0.15
cvd_monotone_ratio           15    220 |           -1.7469  -1.48   0.0000  -3.4669 |            1.5027   1.29
cvd_slope                    15   2988 |           -9.3199  -1.39 -14.9541  -3.7724 |            6.0035   0.89
ema_cross                    15   2129 |           -1.6882  -0.80  -2.6911  -0.7006 |           -0.6749  -0.32
foreign_call_net             15    748 |           -2.1125  -1.35   0.0000  -4.1925 |            1.2823   0.83
foreign_futures_net          15    748 |            0.1323   0.08   0.0000   0.2626 |           -0.9626  -0.56
foreign_put_net              15    748 |           -0.3432  -0.23   0.0000  -0.6811 |           -0.4870  -0.32
foreign_retail_divergence    15    748 |           -0.4630  -0.32   0.0000  -0.9189 |           -0.3672  -0.25
hurst                        15   2731 |           -0.8889  -0.34   2.2143  -3.9443 |           -2.1423  -0.83
imbalance_slope              15    755 |            2.8884   2.22   0.0000   5.7325 |           -3.7264  -2.76
institution_futures_net      15    748 |           -1.7249  -0.87   0.0000  -3.4232 |            0.8947   0.45
kyle_lambda                  15    662 |           -0.9682  -0.57   0.0000  -1.9214 |            0.2334   0.14
macro_krw_chg                15    656 |            0.8749   0.85   0.0000   1.7363 |           -1.6030  -1.52
macro_nasdaq_chg             15     28 |           -0.5683  -1.75   0.0000  -1.1278 |            0.5372   1.70
macro_sp500_chg              15     34 |           -0.2567  -0.76   0.0000  -0.5094 |            0.2190   0.66
macro_us10y_chg              15     10 |            0.0673   0.23   0.0000   0.1336 |           -0.0784  -0.27
macro_vix                    15    100 |            0.3326   0.52   0.0000   0.6600 |           -0.4436  -0.69
microprice_bias              15    758 |           -1.2825  -0.90   0.0000  -2.5453 |            0.4412   0.31
microprice_depth_bias        15    759 |           -0.1341  -0.09   0.0000  -0.2661 |           -0.7083  -0.50
microprice_slope             15    758 |            2.1993   1.36   0.0000   4.3648 |           -3.0407  -1.84
mlofi_norm                   15    759 |            0.1709   0.11   0.0000   0.3391 |           -1.0133  -0.64
mlofi_slope                  15    758 |           -0.5476  -0.33   0.0000  -1.0868 |           -0.2937  -0.18
ofi_imbalance                15    758 |           -0.8512  -0.55   0.0000  -1.6893 |            0.0099   0.01
ofi_norm                     15    759 |            0.6307   0.46   0.0000   1.2517 |           -1.4732  -1.06
ofi_reversal_speed           15    758 |           -0.3338  -0.22   0.0000  -0.6625 |           -0.5075  -0.33
opt_atm_call_oi              15    625 |           -0.9011  -0.52   0.0000  -1.7884 |            0.2074   0.12
opt_atm_pcr                  15    624 |           -3.4705  -1.97   0.0000  -6.8876 |            2.7779   1.61
opt_atm_put_oi               15    623 |            0.2408   0.20   0.0000   0.4778 |           -0.9323  -0.77
opt_chain_pcr                15    654 |            0.1977   0.13   0.0000   0.3923 |           -0.9236  -0.60
opt_gex_bn                   15    656 |           -1.1862  -0.95   0.0000  -2.3542 |            0.4581   0.37
opt_pcr_extreme_signed       15    361 |           -0.4092  -0.54   0.0000  -0.8121 |            0.0085   0.01
opt_pcr_norm                 15    361 |           -0.4092  -0.54   0.0000  -0.8121 |            0.0085   0.01
opt_pcr_slope_norm           15    551 |           -0.4042  -0.31   0.0000  -0.8022 |           -0.2073  -0.16
poc_distance                 15   3010 |           -5.8756  -0.90 -14.2516   2.3715 |            2.5347   0.39
prev_day_same_hour_ret       15    581 |           -1.8800  -1.17   0.0000  -3.7310 |            1.2351   0.78
price_extension_atr          15    587 |           -0.5830  -0.40   0.0000  -1.1570 |           -0.0686  -0.05
price_extension_atr_60m      15    417 |            0.0137   0.01   0.0000   0.0272 |           -0.4765  -0.39
program_arb_net              15    636 |           -2.2497  -1.48   0.0000  -4.4648 |            1.5438   1.03
program_foreign_net_krw      15    402 |           -0.5468  -0.44   0.0000  -1.0852 |            0.1006   0.08
program_non_arb_net          15    636 |            1.5720   1.27   0.0000   3.1198 |           -2.2779  -1.79
quality_investor_age_sec     15    755 |           -1.6621  -1.07   0.0000  -3.2986 |            0.8241   0.53
quality_investor_fetch_count   15     60 |            0.4616   0.55   0.0000   0.9161 |           -0.5282  -0.63
quality_macro_age_sec        15    755 |            0.4154   0.18   0.0000   0.8245 |           -1.2534  -0.54
queue_depletion_speed        15    714 |            0.1462   0.10   0.0000   0.2902 |           -0.9387  -0.64
queue_momentum               15    758 |           -1.3455  -0.62   0.0000  -2.6702 |            0.5041   0.23
queue_refill_rate            15    714 |           -2.1201  -1.45   0.0000  -4.2076 |            1.3276   0.93
queue_signal                 15    759 |           -0.7260  -0.43   0.0000  -1.4409 |           -0.1164  -0.07
queue_signal_ma              15    759 |            0.9448   0.46   0.0000   1.8751 |           -1.7873  -0.86
realized_vol_ann             15    635 |           -0.2488  -0.20   0.0000  -0.4938 |           -0.4560  -0.36
ret_15m                      15   2978 |            5.9307   0.95   7.9335   3.9588 |           -9.2361  -1.49
ret_1m                       15   3084 |           -5.6959  -0.94 -11.4584  -0.0221 |            2.2729   0.38
ret_5m                       15   3063 |           -5.7700  -0.94 -14.3970   2.7243 |            2.3703   0.39
retail_futures_net           15    748 |            0.5888   0.26   0.0000   1.1685 |           -1.4190  -0.62
round_number_distance        15    663 |           -1.6250  -1.26   0.0000  -3.2250 |            0.8891   0.70
rv_iv_spread                 15    634 |           -1.1996  -0.86   0.0000  -2.3807 |            0.4959   0.36
spread_ticks                 15    756 |            0.9769   0.59   0.0000   1.9387 |           -1.8160  -1.09
time_cos                     15   3077 |            8.4543   1.29   9.9867   6.9455 |          -11.8696  -1.81
time_sin                     15   3077 |           -9.4243  -1.46 -13.4042  -5.5056 |            6.0091   0.93
toxicity_atr_stress          15    538 |           -0.1924  -0.14   0.0000  -0.3818 |           -0.4048  -0.30
toxicity_cancel_stress       15    620 |           -0.8244  -0.65   0.0000  -1.6361 |            0.1362   0.11
toxicity_flow_stress         15    759 |           -1.4206  -0.62   0.0000  -2.8193 |            0.5782   0.26
toxicity_queue_stress        15    690 |           -4.1973  -2.91   0.0000  -8.3301 |            3.4315   2.46
toxicity_score               15    759 |           -0.2004  -0.10   0.0000  -0.3978 |           -0.6420  -0.32
toxicity_score_ma            15    759 |           -2.1797  -1.27   0.0000  -4.3258 |            1.3372   0.79
trend_efficiency             15    659 |           -0.6045  -0.55   0.0000  -1.1997 |           -0.1270  -0.12
va_bandwidth                 15   2999 |            5.4009   0.87  10.8394   0.0460 |           -8.7295  -1.40
vkospi                       15    660 |            0.2698   0.18   0.0000   0.5355 |           -1.0024  -0.68
volume_acceleration          15   3066 |            4.3693   0.65   6.8423   1.9344 |           -7.7724  -1.15
vpin                         15    642 |           -1.6164  -1.14   0.0000  -3.2080 |            0.9039   0.64
vwap_momentum                15   2920 |            0.4847   0.07 -10.7638  11.5602 |           -3.7257  -0.57
vwap_position                15   2673 |           -2.5382  -0.38 -11.3954   6.1827 |           -0.4286  -0.06
atr                          30   1502 |           -8.2123  -1.28 -13.7370  -2.7726 |            6.5452   1.02
atr_ratio                    30   1502 |           -8.1827  -1.25 -15.5761  -0.9031 |            6.5156   0.99
avg_volume                   30   1502 |           -7.4780  -1.11 -11.9914  -3.0342 |            5.8109   0.86
basis_change_pt              30    329 |           -2.2102  -1.28   0.0000  -4.3864 |            1.8450   1.08
basis_pt                     30    329 |           -0.2970  -0.20   0.0000  -0.5894 |           -0.0682  -0.05
bb_position                  30   1476 |           -4.0661  -0.64 -10.4270   2.1969 |            2.4279   0.38
bull_exhaustion_shadow       30     31 |           -0.3716  -0.66   0.0000  -0.7375 |            0.3372   0.60
cancel_add_ratio             30    375 |           -0.8628  -0.53   0.0000  -1.7124 |            0.4466   0.28
cancel_churn_ratio           30    245 |            0.4496   0.42   0.0000   0.8923 |           -0.7215  -0.68
cvd                          30    106 |            1.0934   1.43   0.0000   2.1700 |           -1.2111  -1.57
cvd_delta_norm               30   1502 |           -5.1591  -0.79 -10.6458   0.2431 |            3.4920   0.53
cvd_divergence               30    371 |           -0.5101  -0.24   0.0000  -1.0123 |            0.0983   0.05
cvd_monotone_ratio           30    125 |           -0.8418  -0.78   0.0000  -1.6706 |            0.7030   0.65
cvd_slope                    30   1493 |           -8.4372  -1.32 -13.6860  -3.2690 |            6.7800   1.06
ema_cross                    30   1189 |           -7.7062  -1.22 -14.1842  -1.3279 |            6.3865   1.01
foreign_call_net             30    372 |           -2.1382  -1.11   0.0000  -4.2436 |            1.7253   0.90
foreign_futures_net          30    372 |           -0.1962  -0.12   0.0000  -0.3894 |           -0.2167  -0.13
foreign_put_net              30    372 |           -1.0190  -0.59   0.0000  -2.0223 |            0.6061   0.35
foreign_retail_divergence    30    372 |            0.2658   0.21   0.0000   0.5275 |           -0.6787  -0.53
hurst                        30   1347 |            1.4785   0.51   4.9076  -1.8978 |           -2.9736  -1.02
imbalance_slope              30    375 |            2.3874   1.36   0.0000   4.7381 |           -2.8036  -1.58
institution_futures_net      30    372 |           -2.2964  -1.22   0.0000  -4.5574 |            1.8835   1.01
kyle_lambda                  30    329 |            2.1388   1.33   0.0000   4.2447 |           -2.5040  -1.55
macro_krw_chg                30    327 |            0.1888   0.17   0.0000   0.3746 |           -0.5517  -0.49
macro_nasdaq_chg             30     15 |           -0.5179  -1.59   0.0000  -1.0279 |            0.5013   1.57
macro_sp500_chg              30     19 |           -0.3586  -0.87   0.0000  -0.7117 |            0.3375   0.82
macro_us10y_chg              30      8 |            0.1284   0.48   0.0000   0.2549 |           -0.1373  -0.51
macro_vix                    30     62 |            0.1386   0.19   0.0000   0.2751 |           -0.2074  -0.28
microprice_bias              30    375 |            0.7807   0.50   0.0000   1.5494 |           -1.1969  -0.77
microprice_depth_bias        30    375 |            0.8747   0.69   0.0000   1.7359 |           -1.2909  -1.02
microprice_slope             30    375 |            2.8615   2.05   0.0000   5.6790 |           -3.2777  -2.31
mlofi_norm                   30    375 |            1.7390   1.10   0.0000   3.4513 |           -2.1552  -1.35
mlofi_slope                  30    375 |           -0.5138  -0.32   0.0000  -1.0198 |            0.0976   0.06
ofi_imbalance                30    375 |            0.0339   0.02   0.0000   0.0673 |           -0.4501  -0.25
ofi_norm                     30    375 |            1.4823   0.91   0.0000   2.9417 |           -1.8985  -1.15
ofi_reversal_speed           30    375 |            1.0618   0.73   0.0000   2.1073 |           -1.4780  -1.01
opt_atm_call_oi              30    314 |           -0.8343  -0.48   0.0000  -1.6557 |            0.4857   0.28
opt_atm_pcr                  30    314 |            0.1428   0.08   0.0000   0.2834 |           -0.4913  -0.28
opt_atm_put_oi               30    317 |            0.2934   0.18   0.0000   0.5822 |           -0.6452  -0.38
opt_chain_pcr                30    324 |           -1.2744  -1.07   0.0000  -2.5292 |            0.9148   0.77
opt_gex_bn                   30    329 |            0.8081   0.60   0.0000   1.6038 |           -1.1733  -0.87
opt_pcr_extreme_signed       30    188 |            1.0042   0.95   0.0000   1.9929 |           -1.2129  -1.13
opt_pcr_norm                 30    188 |            1.0042   0.95   0.0000   1.9929 |           -1.2129  -1.13
opt_pcr_slope_norm           30    275 |            0.4192   0.35   0.0000   0.8319 |           -0.7244  -0.60
poc_distance                 30   1490 |            4.8161   0.77  10.0867  -0.3735 |           -6.4698  -1.04
prev_day_same_hour_ret       30    290 |           -1.2808  -0.78   0.0000  -2.5419 |            0.9589   0.59
price_extension_atr          30    292 |           -1.8814  -1.26   0.0000  -3.7339 |            1.5573   1.05
price_extension_atr_60m      30    200 |            0.0076   0.01   0.0000   0.0151 |           -0.2296  -0.22
program_arb_net              30    317 |           -1.1249  -0.80   0.0000  -2.2325 |            0.7731   0.55
program_foreign_net_krw      30    200 |           -1.3167  -0.90   0.0000  -2.6132 |            1.0947   0.75
program_non_arb_net          30    317 |            1.4304   1.03   0.0000   2.8389 |           -1.7823  -1.27
quality_investor_age_sec     30    375 |           -1.3335  -1.06   0.0000  -2.6466 |            0.9173   0.73
quality_investor_fetch_count   30     52 |            0.0504   0.06   0.0000   0.1000 |           -0.1081  -0.12
quality_macro_age_sec        30    375 |            0.8950   0.47   0.0000   1.7762 |           -1.3112  -0.68
queue_depletion_speed        30    359 |           -0.3766  -0.21   0.0000  -0.7474 |           -0.0219  -0.01
queue_momentum               30    375 |            0.2386   0.17   0.0000   0.4734 |           -0.6548  -0.46
queue_refill_rate            30    359 |            0.3741   0.21   0.0000   0.7424 |           -0.7726  -0.43
queue_signal                 30    375 |           -0.8070  -0.43   0.0000  -1.6016 |            0.3908   0.21
queue_signal_ma              30    375 |           -0.4872  -0.27   0.0000  -0.9669 |            0.0710   0.04
realized_vol_ann             30    316 |           -0.1684  -0.17   0.0000  -0.3342 |           -0.1823  -0.18
ret_15m                      30   1482 |            5.9478   0.93  10.6158   1.3516 |           -7.5927  -1.19
ret_1m                       30   1502 |            5.6882   0.84  10.8318   0.6237 |           -7.3553  -1.09
ret_5m                       30   1497 |            3.4015   0.52  10.9032  -3.9848 |           -5.0630  -0.77
retail_futures_net           30    372 |            0.1256   0.07   0.0000   0.2494 |           -0.5385  -0.30
round_number_distance        30    329 |            1.3979   0.95   0.0000   2.7743 |           -1.7630  -1.19
rv_iv_spread                 30    316 |           -0.8327  -0.75   0.0000  -1.6527 |            0.4820   0.44
spread_ticks                 30    375 |           -0.0999  -0.06   0.0000  -0.1983 |           -0.3163  -0.20
time_cos                     30   1500 |            9.1124   1.38  11.5575   6.7050 |          -10.7773  -1.64
time_sin                     30   1500 |           -8.5384  -1.32 -12.5125  -4.6255 |            6.8735   1.06
toxicity_atr_stress          30    298 |           -0.0277  -0.01   0.0000  -0.0550 |           -0.3031  -0.16
toxicity_cancel_stress       30    306 |            0.2300   0.21   0.0000   0.4565 |           -0.5697  -0.51
toxicity_flow_stress         30    375 |           -4.4532  -2.91   0.0000  -8.8379 |            4.0370   2.68
toxicity_queue_stress        30    352 |           -3.0394  -1.82   0.0000  -6.0320 |            2.6487   1.60
toxicity_score               30    375 |           -2.8492  -1.65   0.0000  -5.6546 |            2.4330   1.42
toxicity_score_ma            30    375 |           -1.6818  -1.01   0.0000  -3.3376 |            1.2655   0.76
trend_efficiency             30    328 |            0.9870   0.79   0.0000   1.9587 |           -1.3510  -1.07
va_bandwidth                 30   1486 |           -4.5272  -0.71 -12.1486   2.9770 |            2.8778   0.45
vkospi                       30    329 |           -0.1058  -0.08   0.0000  -0.2100 |           -0.2593  -0.20
volume_acceleration          30   1497 |           -4.3755  -0.71 -13.5982   4.7053 |            2.7140   0.44
vpin                         30    319 |           -0.8200  -0.60   0.0000  -1.6273 |            0.4659   0.34
vwap_momentum                30   1434 |            0.4439   0.07 -10.3896  11.1107 |           -2.0355  -0.31
vwap_position                30   1332 |           -1.9993  -0.30 -12.7608   8.5967 |            0.5209   0.08

합격 참고선(08-02 계획 L2, 관측 전 고정): 일평균 net > 0 이고 t 유의 + 전·후반 동부호. 구 가정(0.133pt) 열은 JSON에 병기.
JSON: C:/Users/82108/AppData/Local/Temp/claude/c--Users-82108-PycharmProjects-futures/3da3ba26-bb1e-4099-afe8-f02e11a996bd/scratchpad/wfa/l2.json
